Blinka lilla stjärna

Gr Rö Gu Bl Or Not
1  0  0  0  0  111 (G)
1  0  0  0  0  111 (G)
0  1  0  0  0  100 (D)
0  1  0  0  0  100 (D)
---------------------
0  0  1  0  0  101 (E)
0  0  1  0  0  101 (E)
0  1  0  0  0  100 (D)
0  0  0  0  0  000 (-)
---------------------
1  1  0  0  0  011 (C)
1  1  0  0  0  011 (C)
0  0  0  1  0  010 (B)
0  0  0  1  0  010 (B)
---------------------
1  0  0  1  0  001 (A)
1  0  0  1  0  001 (A)
1  0  0  0  0  111 (G)
0  0  0  0  0  000 (-)
---------------------
0  1  0  0  0  100 (D)
0  1  0  0  0  100 (D)
1  1  0  0  0  011 (C)
1  1  0  0  0  011 (C)
---------------------
0  0  0  1  0  010 (B)
0  0  0  1  0  010 (B)
1  0  0  1  0  001 (A)
0  0  0  0  0  000 (-)
---------------------
0  1  0  0  0  100 (D)
0  1  0  0  0  100 (D)
1  1  0  0  0  011 (C)
1  1  0  0  0  011 (C)
---------------------
0  0  0  1  0  010 (B)
0  0  0  1  0  010 (B)
1  0  0  1  0  001 (A)
0  0  0  0  0  000 (-)
---------------------
1  0  0  0  0  111 (G)
1  0  0  0  0  111 (G)
0  1  0  0  0  100 (D)
0  1  0  0  0  100 (D)
---------------------
0  0  1  0  0  101 (E)
0  0  1  0  0  101 (E)
0  1  0  0  0  100 (D)
0  0  0  0  0  000 (-)
---------------------
1  1  0  0  0  011 (C)
1  1  0  0  0  011 (C)
0  0  0  1  0  010 (B)
0  0  0  1  0  010 (B)
---------------------
1  0  0  1  0  001 (A)
1  0  0  1  0  001 (A)
1  0  0  0  0  111 (G)
0  0  0  0  0  000 (-)
---------------------

I minnet:
B"0000000010000111",
B"0000000010000111",
B"0000000001000100",
B"0000000001000100",
B"0000000000100101",
B"0000000000100101",
B"0000000001000100",
B"0000000000000000",
B"0000000011000011",
B"0000000011000011",
B"0000000000010010",
B"0000000000010010",
B"0000000010010001",
B"0000000010010001",
B"0000000010000111",
B"0000000000000000",
B"0000000001000100",
B"0000000001000100",
B"0000000011000011",
B"0000000011000011",
B"0000000000010010",
B"0000000000010010",
B"0000000010010001",
B"0000000000000000",
B"0000000001000100",
B"0000000001000100",
B"0000000011000011",
B"0000000011000011",
B"0000000000010010",
B"0000000000010010",
B"0000000010010001",
B"0000000000000000",
B"0000000010000111",
B"0000000010000111",
B"0000000001000100",
B"0000000001000100",
B"0000000000100101",
B"0000000000100101",
B"0000000001000100",
B"0000000000000000",
B"0000000011000011",
B"0000000011000011",
B"1111111111111111",
