Blinka lilla stjärna

Gr Rö Gu Bl Or Not
1  0  0  0  0  111 (G)
1  0  0  0  0  111 (G)
0  1  0  0  0  100 (D)
0  1  0  0  0  100 (D)
---------------------
0  0  1  0  0  101 (E)
0  0  1  0  0  101 (E)
0  1  0  0  0  100 (D)
0  0  0  0  0  000 (-)
---------------------
1  1  0  0  0  011 (C)
1  1  0  0  0  011 (C)
0  0  0  1  0  010 (B)
0  0  0  1  0  010 (B)
---------------------
1  0  0  1  0  001 (A)
1  0  0  1  0  001 (A)
1  0  0  0  0  111 (G)
0  0  0  0  0  000 (-)
---------------------
0  1  0  0  0  100 (D)
0  1  0  0  0  100 (D)
1  1  0  0  0  011 (C)
1  1  0  0  0  011 (C)
---------------------
0  0  0  1  0  010 (B)
0  0  0  1  0  010 (B)
1  0  0  1  0  001 (A)
0  0  0  0  0  000 (-)
---------------------
0  1  0  0  0  100 (D)
0  1  0  0  0  100 (D)
1  1  0  0  0  011 (C)
1  1  0  0  0  011 (C)
---------------------
0  0  0  1  0  010 (B)
0  0  0  1  0  010 (B)
1  0  0  1  0  001 (A)
0  0  0  0  0  000 (-)
---------------------
1  0  0  0  0  111 (G)
1  0  0  0  0  111 (G)
0  1  0  0  0  100 (D)
0  1  0  0  0  100 (D)
---------------------
0  0  1  0  0  101 (E)
0  0  1  0  0  101 (E)
0  1  0  0  0  100 (D)
0  0  0  0  0  000 (-)
---------------------
1  1  0  0  0  011 (C)
1  1  0  0  0  011 (C)
0  0  0  1  0  010 (B)
0  0  0  1  0  010 (B)
---------------------
1  0  0  1  0  001 (A)
1  0  0  1  0  001 (A)
1  0  0  0  0  111 (G)
0  0  0  0  0  000 (-)
---------------------

I minnet:
00000000  1  0  0  0  0  111
00000000  1  0  0  0  0  111
00000000  0  1  0  0  0  100
00000000  0  1  0  0  0  100
00000000  0  0  1  0  0  101
00000000  0  0  1  0  0  101
00000000  0  1  0  0  0  100
00000000  0  0  0  0  0  000
00000000  1  1  0  0  0  011
00000000  1  1  0  0  0  011
00000000  0  0  0  1  0  010
00000000  0  0  0  1  0  010
00000000  1  0  0  1  0  001
00000000  1  0  0  1  0  001
00000000  1  0  0  0  0  111
00000000  0  0  0  0  0  000
00000000  0  1  0  0  0  100
00000000  0  1  0  0  0  100
00000000  1  1  0  0  0  011
00000000  1  1  0  0  0  011
00000000  0  0  0  1  0  010
00000000  0  0  0  1  0  010
00000000  1  0  0  1  0  001
00000000  0  0  0  0  0  000
00000000  0  1  0  0  0  100
00000000  0  1  0  0  0  100
00000000  1  1  0  0  0  011
00000000  1  1  0  0  0  011
00000000  0  0  0  1  0  010
00000000  0  0  0  1  0  010
00000000  1  0  0  1  0  001
00000000  0  0  0  0  0  000
00000000  1  0  0  0  0  111
00000000  1  0  0  0  0  111
00000000  0  1  0  0  0  100
00000000  0  1  0  0  0  100
00000000  0  0  1  0  0  101
00000000  0  0  1  0  0  101
00000000  0  1  0  0  0  100
00000000  0  0  0  0  0  000
00000000  1  1  0  0  0  011
00000000  1  1  0  0  0  011
